label=beat1 tap_uptime=5665.06 wait=22
Stats since: 5664923992755ns
Total frames rendered: 39
Janky frames: 35 (89.74%)
Janky frames (legacy): 38 (97.44%)
50th percentile: 105ms
90th percentile: 250ms
95th percentile: 300ms
99th percentile: 650ms
Number Missed Vsync: 13
Number High input latency: 8
Number Slow UI thread: 27
Number Slow bitmap uploads: 3
Number Slow issue draw commands: 35
Number Frame deadline missed: 35
Number Frame deadline missed (legacy): 34
HISTOGRAM: 5ms=0 6ms=0 7ms=0 8ms=0 9ms=0 10ms=0 11ms=0 12ms=0 13ms=0 14ms=0 15ms=0 16ms=0 17ms=0 18ms=0 19ms=0 20ms=0 21ms=0 22ms=0 23ms=0 24ms=0 25ms=0 26ms=0 27ms=0 28ms=1 29ms=0 30ms=0 31ms=0 32ms=1 34ms=1 36ms=1 38ms=1 40ms=2 42ms=1 44ms=0 46ms=0 48ms=1 53ms=2 57ms=0 61ms=1 65ms=0 69ms=3 73ms=0 77ms=0 81ms=1 85ms=0 89ms=0 93ms=1 97ms=0 101ms=2 105ms=1 109ms=0 113ms=1 117ms=1 121ms=1 125ms=1 129ms=1 133ms=0 150ms=9 200ms=1 250ms=1 300ms=2 350ms=0 400ms=0 450ms=0 500ms=0 550ms=0 600ms=0 650ms=1 700ms=0 750ms=0 800ms=0 850ms=0 900ms=0 950ms=0 1000ms=0 1050ms=0 1100ms=0 1150ms=0 1200ms=0 1250ms=0 1300ms=0 1350ms=0 1400ms=0 1450ms=0 1500ms=0 1550ms=0 1600ms=0 1650ms=0 1700ms=0 1750ms=0 1800ms=0 1850ms=0 1900ms=0 1950ms=0 2000ms=0 2050ms=0 2100ms=0 2150ms=0 2200ms=0 2250ms=0 2300ms=0 2350ms=0 2400ms=0 2450ms=0 2500ms=0 2550ms=0 2600ms=0 2650ms=0 2700ms=0 2750ms=0 2800ms=0 2850ms=0 2900ms=0 2950ms=0 3000ms=0 3050ms=0 3100ms=0 3150ms=0 3200ms=0 3250ms=0 3300ms=0 3350ms=0 3400ms=0 3450ms=0 3500ms=0 3550ms=0 3600ms=0 3650ms=0 3700ms=0 3750ms=0 3800ms=0 3850ms=0 3900ms=0 3950ms=0 4000ms=0 4050ms=0 4100ms=0 4150ms=0 4200ms=0 4250ms=0 4300ms=0 4350ms=0 4400ms=0 4450ms=0 4500ms=0 4550ms=0 4600ms=0 4650ms=0 4700ms=0 4750ms=0 4800ms=0 4850ms=0 4900ms=0 4950ms=0
---FRAMESTATS---
---PROFILEDATA---
Flags,FrameTimelineVsyncId,IntendedVsync,Vsync,InputEventId,HandleInputStart,AnimationStart,PerformTraversalsStart,DrawStart,FrameDeadline,FrameStartTime,FrameInterval,WorkloadTarget,AnimationTime,AnimationCounter,SyncQueued,SyncStart,IssueDrawCommandsStart,SwapBuffers,FrameCompleted,DequeueBufferDuration,QueueBufferDuration,GpuCompleted,SwapBuffersCompleted,DisplayPresentTime,CommandSubmissionCompleted,
0,137258,5665251757465,5665268424131,-68766841,5665279914296,5665279915231,5665307757923,5665307823024,5665268424131,5665279908761,16666666,16666666,5665268424131,-1,5665367220475,5665367654666,5665367721229,5665495804866,5665580033102,6592,1023880,5665579945216,5665580033102,0,5665495804866,
0,137265,5665285090797,5665385090793,0,5665386416225,5665386417691,5665387941817,5665387986256,5665601757451,5665385202086,16666666,16666666,5665385090793,-1,5665388192136,5665580073283,5665580156892,5665580994694,5665621358256,3433,144485,5665621358256,5665610724294,0,5665580994694,
0,137279,5665401757459,5665585090785,0,5665587293517,5665587295123,5665587295689,5665587384846,5665651757449,5665586663886,16666666,16666666,5665585090785,-1,5665589525127,5665610760281,5665613500793,5665618434544,5665642868510,8859395,680815,5665642868510,5665635730787,0,5665618434544,
0,137296,5665651757449,5665651757449,0,5665654445983,5665654447092,5665654447722,5665654517762,5665668424115,5665654440622,16666666,16666666,5665651757449,-1,5665655379930,5665656318950,5665657125281,5665661485891,5665689197907,4766,444532,5665689197907,5665671805628,0,5665661485891,
0,137304,5665785090777,5665785090777,0,5665793293886,5665793294908,5665793295577,5665793360742,5665801757443,5665793289034,16666666,16666666,5665785090777,-1,5665794510707,5665795943087,5665796495003,5665799231946,5665820041788,7748,336108,5665820041788,5665807531985,0,5665799231946,
0,137312,5665901757439,5665901757439,0,5665908035714,5665908036713,5665908037390,5665908092332,5665918424105,5665908031773,16666666,16666666,5665901757439,-1,5665913772987,5665914806106,5665915223470,5665923796158,5665931544839,4825,674065,5665931402330,5665931544839,0,5665923796158,
0,137320,5666018424101,5666018424101,0,5666027155633,5666027156743,5666027157423,5666027235097,5666035090767,5666027150001,16666666,16666666,5666018424101,-1,5666029230894,5666029269417,5666029393986,5666032547623,5666059712228,4622,667048,5666059712228,5666041916278,0,5666032547623,
0,137328,5666151757429,5666151757429,0,5666154556657,5666154557690,5666154558360,5666154629465,5666168424095,5666154551637,16666666,16666666,5666151757429,-1,5666155568687,5666155615542,5666155739534,5666159183034,5666187223311,6273,815845,5666187223311,5666167788639,0,5666159183034,
0,137336,5666268424091,5666268424091,0,5666277227986,5666277228633,5666294059206,5666294107181,5666285090757,5666277224729,16666666,16666666,5666268424091,-1,5666306285972,5666312744711,5666312798656,5666358142592,5666369978969,5980,433573,5666369978969,5666366164158,0,5666358142592,
0,137351,5666385090753,5666385090753,0,5666390807888,5666390808725,5666390809365,5666390870023,5666401757419,5666390803693,16666666,16666666,5666385090753,-1,5666391848689,5666391893898,5666392028463,5666394947220,5666424501414,6049,526401,5666424501414,5666415799959,0,5666394947220,
0,137359,5666518424081,5666518424081,0,5666523205571,5666523206158,5666523206511,5666523262272,5666535090747,5666523201560,16666666,16666666,5666518424081,-1,5666523926727,5666530948811,5666534905968,5666545688657,5666573766875,5918,435026,5666573766875,5666552318335,0,5666545688657,
0,137367,5666651757409,5666651757409,0,5666659927906,5666659928693,5666659929273,5666660011354,5666668424075,5666659924030,16666666,16666666,5666651757409,-1,5666662258067,5666662885839,5666663321701,5666672781266,5666694743871,4597,554896,5666694743871,5666679118602,0,5666672781266,
0,137375,5666768424071,5666768424071,0,5666772166499,5666772167125,5666793996781,5666794069044,5666785090737,5666772162744,16666666,16666666,5666768424071,-1,5666810914818,5666811494010,5666811533035,5667350238155,5667456619392,6832,6970026,5667456465433,5667456619392,0,5667350238155,
0,137390,5667485090709,5667485090709,0,5667490218792,5667490220146,5667518788824,5667518871003,5667501757375,5667490214428,16666666,16666666,5667485090709,-1,5667567209101,5667568082605,5667571818827,5667635103622,5667653148478,2952,533291,5667653148478,5667642478818,0,5667635103622,
0,137397,5667501757375,5667568424039,0,5667571093422,5667571094309,5667574035979,5667574100293,5667685090701,5667571088452,16666666,16666666,5667568424039,-1,5667574344200,5667642512860,5667643580818,5667648977072,5667676461530,10591690,208770,5667676461530,5667671103974,0,5667648977072,
0,137404,5667585090705,5667635090703,0,5667646067832,5667646068290,5667650743682,5667650805546,5667701757367,5667646064193,16666666,16666666,5667635090703,-1,5667650829581,5667671136030,5667672784908,5667790203805,5667936054366,5294,567962,5667936054366,5667922171744,0,5667790203805,
0,137420,5667685090701,5667685090701,0,5667689470822,5667689471939,5667699499752,5667699551990,5667968424023,5667689466817,16666666,16666666,5667685090701,-1,5667699571501,5667922227559,5667922314441,5667930683313,5667962478738,10080472,4745826,5667955580831,5667962478738,0,5667930683313,
0,137427,5667701757367,5667918424025,0,5667926393314,5667926394628,5667930289227,5667930327988,5667985090689,5667923497018,16666666,16666666,5667918424025,-1,5667930344127,5667962510205,5667962829642,5667965263364,5667987853328,5637,1137892,5667987853328,5667980820359,0,5667965263364,
0,137451,5667985090689,5668001757355,0,5668003913927,5668003915711,5668039522945,5668039949075,5668018424021,5668003907697,16666666,16666666,5668001757355,-1,5668097913741,5668099047550,5668099450267,5668150290247,5668173855716,5767,769675,5668173855716,5668161345441,0,5668150290247,
0,137458,5668035090687,5668101757351,0,5668103709073,5668103709727,5668107025315,5668107082987,5668201757347,5668103703983,16666666,16666666,5668101757351,-1,5668107312433,5668162609348,5668162973688,5668177162198,5668205164376,1192290,3705828,5668205164376,5668201722455,0,5668177162198,
0,137465,5668118424017,5668168424015,0,5668169751571,5668169752588,5668173323880,5668173397757,5668235090679,5668169745722,16666666,16666666,5668168424015,-1,5668173416289,5668201768232,5668201831892,5668274365903,5668282979881,7469,845912,5668282804771,5668282979881,0,5668274365903,
0,137473,5668185090681,5668201757347,0,5668208083605,5668208084495,5668214615029,5668214667180,5668301757343,5668208078783,16666666,16666666,5668201757347,-1,5668214685368,5668283034143,5668283125598,5668284432634,5668321994283,74849,331186,5668321994283,5668306688042,0,5668284432634,
0,137481,5668218424013,5668285090677,0,5668286718255,5668286719538,5668309897361,5668309949603,5668351757341,5668286712379,16666666,16666666,5668285090677,-1,5668315983547,5668320067324,5668320823445,5668345125556,5668370195946,5733,255007,5668370195946,5668353917184,0,5668345125556,
0,137505,5669285090637,5669285090637,0,5669291032804,5669291034050,5669300879442,5669300935581,5669301757303,5669291028076,16666666,16666666,5669285090637,-1,5669306792276,5669310270760,5669316526985,5669350463490,5669370892627,5988,579152,5669370892627,5669361101454,0,5669350463490,
0,137520,5669385090633,5669385090633,0,5669389370196,5669389371111,5669425942993,5669425999372,5669401757299,5669389366065,16666666,16666666,5669385090633,-1,5669442888551,5669444726751,5669447585549,5669487841846,5669507961699,4951,5177872,5669507851995,5669507961699,0,5669487841846,
0,137535,5669885090613,5669885090613,0,5669889306768,5669889307642,5669923779472,5669923848118,5669901757279,5669889302357,16666666,16666666,5669885090613,-1,5669943792427,5669943829464,5669943872802,5669995171965,5670011447543,5114,1294013,5670011330523,5670011447543,0,5669995171965,
0,137550,5670201757267,5670201757267,0,5670209366263,5670209367178,5670227086874,5670227128474,5670218423933,5670209362920,16666666,16666666,5670201757267,-1,5670300732366,5670301583798,5670301782736,5670358825436,5670375066839,11060,3699171,5670374857051,5670375066839,0,5670358825436,
0,137557,5670235090599,5670301757263,0,5670307446440,5670307447281,5670307914967,5670307953754,5670401757259,5670307442139,16666666,16666666,5670301757263,-1,5670308083471,5670375128128,5670375288155,5670383036178,5670403560619,9233345,351671,5670403560619,5670403200627,0,5670383036178,
0,137564,5670335090595,5670368423927,0,5670378298672,5670378300385,5670426220652,5670426262238,5670435090591,5670378286876,16666666,16666666,5670368423927,-1,5670430115012,5670431110142,5670431317725,5670458958911,5670486132929,8851,1233913,5670486132929,5670470484434,0,5670458958911,
0,137588,5670501757255,5670501757255,0,5670505612849,5670505613765,5670556085684,5670625667501,5670518423921,5670505609035,16666666,16666666,5670501757255,-1,5670649788919,5670649855065,5670649956113,5670663383044,5670675740373,4838,1334159,5670675619008,5670675740373,0,5670663383044,
0,137610,5670935090571,5670935090571,0,5670939344596,5670939345486,5670978416968,5670978474407,5670951757237,5670939341283,16666666,16666666,5670935090571,-1,5671014530184,5671015074152,5671015233921,5671019259896,5671054588282,2626,122250,5671054588282,5671035093819,0,5671019259896,
0,137625,5671301757223,5671301757223,0,5671307885988,5671307887006,5671326740554,5671326815790,5671318423889,5671307880594,16666666,16666666,5671301757223,-1,5671334560840,5671336408486,5671336474625,5671339929891,5671371684686,5007,422669,5671371684686,5671355399110,0,5671339929891,
0,137640,5672301757183,5672301757183,0,5672306320820,5672306321435,5672310240683,5672310277573,5672318423849,5672306317747,16666666,16666666,5672301757183,-1,5672319597577,5672320009879,5672320713017,5672322789240,5672362282632,7950,1131230,5672362282632,5672339576140,0,5672322789240,
0,137655,5672735090499,5672735090499,0,5672740935712,5672740936838,5672765025478,5672814616929,5672751757165,5672740931459,16666666,16666666,5672735090499,-1,5672825219670,5672826926527,5672827396189,5672850405769,5672866462986,9858,1154375,5672866172648,5672866462986,0,5672850405769,
0,137669,5672851757161,5672901757159,0,5672912298153,5672912299102,5672938273289,5672938321952,5672885090493,5672912292805,16666666,16666666,5672901757159,-1,5672940895027,5672941322915,5672941517863,5672983482303,5673004792947,4824,1960395,5673004792947,5672999686963,0,5672983482303,
0,137677,5672935090491,5672935090491,0,5672943533455,5672943534182,5672950978848,5672951275801,5673035090487,5672943529455,16666666,16666666,5672935090491,-1,5672951306175,5672999723367,5672999938883,5673006088686,5673025013296,6260,939883,5673024852763,5673025013296,0,5673006088686,
0,137684,5672951757157,5673001757155,0,5673007968718,5673007969675,5673018867357,5673018935948,5673051757153,5673007963105,16666666,16666666,5673001757155,-1,5673018959990,5673025055573,5673025321521,5673030497769,5673058127310,3041841,1532498,5673055009482,5673058127310,0,5673030497769,
0,137708,5673301757143,5673301757143,0,5673303622788,5673303623801,5673314425678,5673314467569,5673318423809,5673303618757,16666666,16666666,5673301757143,-1,5673334721192,5673334761557,5673334827700,5673351763052,5673370903742,5286,563980,5673370903742,5673365321886,0,5673351763052,
0,137723,5674251757105,5674251757105,0,5674254360184,5674254360715,5674271274542,5674277757322,5674268423771,5674254356842,16666666,16666666,5674251757105,-1,5674280487655,5674280523651,5674283387822,5674286752189,5674304005780,6093,624117,5674304005780,5674295952331,0,5674286752189,
---PROFILEDATA---
